<?xml version="1.0"?>
<opencv_storage>
<cameras_num>6</cameras_num>
<calib_width>2560</calib_width>
<calib_height>1520</calib_height>
<camera_type>1</camera_type>
<camera_matrix_0 type_id="opencv-matrix">
  <rows>3</rows>
  <cols>3</cols>
  <dt>f</dt>
  <data>
    2.15928003e+03 -4.08495784e-01 1.30237585e+03 0. 2.15995801e+03
    7.76689148e+02 0. 0. 1.</data></camera_matrix_0>
<camera_distortion_0 type_id="opencv-matrix">
  <rows>1</rows>
  <cols>4</cols>
  <dt>f</dt>
  <data>
    -4.25705791e-01 1.86456069e-01 1.64904515e-03 -2.10987683e-03</data></camera_distortion_0>
<xi_0>5.8467555046081543e-01</xi_0>
<camera_pose_0 type_id="opencv-matrix">
  <rows>4</rows>
  <cols>4</cols>
  <dt>f</dt>
  <data>
    1. 0. 0. 0. 0. 1. 0. 0. 0. 0. 1. 0. 0. 0. 0. 1.</data></camera_pose_0>
<internal_meanReprojectError>7.8935819864273071e-01</internal_meanReprojectError>
<external_meanReprojectError>0.</external_meanReprojectError>
<camera_matrix_1 type_id="opencv-matrix">
  <rows>3</rows>
  <cols>3</cols>
  <dt>f</dt>
  <data>
    2.15928003e+03 -4.08495784e-01 1.30237585e+03 0. 2.15995801e+03
    7.76689148e+02 0. 0. 1.</data></camera_matrix_1>
<camera_distortion_1 type_id="opencv-matrix">
  <rows>1</rows>
  <cols>4</cols>
  <dt>f</dt>
  <data>
    -4.25705791e-01 1.86456069e-01 1.64904515e-03 -2.10987683e-03</data></camera_distortion_1>
<xi_1>5.8467555046081543e-01</xi_1>
<camera_pose_1 type_id="opencv-matrix">
  <rows>4</rows>
  <cols>4</cols>
  <dt>f</dt>
  <data>
    -9.25952792e-01 -3.61798912e-01 1.08226299e-01 1.32852068e+01
    3.49344373e-01 -7.11804211e-01 6.09338403e-01 5.89622002e+01
    -1.43422037e-01 6.02026880e-01 7.85489500e-01 -2.45271912e+01 0. 0.
    0. 1.</data></camera_pose_1>
<internal_meanReprojectError>7.8935819864273071e-01</internal_meanReprojectError>
<external_meanReprojectError>1.9740064442157745e-01</external_meanReprojectError>
<camera_matrix_2 type_id="opencv-matrix">
  <rows>3</rows>
  <cols>3</cols>
  <dt>f</dt>
  <data>
    2.15928003e+03 -4.08495784e-01 1.30237585e+03 0. 2.15995801e+03
    7.76689148e+02 0. 0. 1.</data></camera_matrix_2>
<camera_distortion_2 type_id="opencv-matrix">
  <rows>1</rows>
  <cols>4</cols>
  <dt>f</dt>
  <data>
    -4.25705791e-01 1.86456069e-01 1.64904515e-03 -2.10987683e-03</data></camera_distortion_2>
<xi_2>5.8467555046081543e-01</xi_2>
<camera_pose_2 type_id="opencv-matrix">
  <rows>4</rows>
  <cols>4</cols>
  <dt>f</dt>
  <data>
    -9.24597442e-01 -3.45333695e-01 -1.60823390e-01 -1.42761354e+01
    3.69855672e-01 -7.12640405e-01 -5.96112788e-01 -6.04171333e+01
    9.12485868e-02 -6.10645831e-01 7.86629140e-01 -1.52641964e+01 0. 0.
    0. 1.</data></camera_pose_2>
<internal_meanReprojectError>7.8935819864273071e-01</internal_meanReprojectError>
<external_meanReprojectError>2.6296889781951904e-01</external_meanReprojectError>
<camera_matrix_3 type_id="opencv-matrix">
  <rows>3</rows>
  <cols>3</cols>
  <dt>f</dt>
  <data>
    2.15928003e+03 -4.08495784e-01 1.30237585e+03 0. 2.15995801e+03
    7.76689148e+02 0. 0. 1.</data></camera_matrix_3>
<camera_distortion_3 type_id="opencv-matrix">
  <rows>1</rows>
  <cols>4</cols>
  <dt>f</dt>
  <data>
    -4.25705791e-01 1.86456069e-01 1.64904515e-03 -2.10987683e-03</data></camera_distortion_3>
<xi_3>5.8467555046081543e-01</xi_3>
<camera_pose_3 type_id="opencv-matrix">
  <rows>4</rows>
  <cols>4</cols>
  <dt>f</dt>
  <data>
    -9.25018013e-01 -3.62166941e-01 1.14790387e-01 1.32098331e+01
    3.46094996e-01 -6.78640127e-01 6.47816181e-01 5.82959366e+01
    -1.56716242e-01 6.38970017e-01 7.53098488e-01 -2.26561069e+01 0. 0.
    0. 1.</data></camera_pose_3>
<internal_meanReprojectError>7.8935819864273071e-01</internal_meanReprojectError>
<external_meanReprojectError>2.8677144646644592e-01</external_meanReprojectError>
<camera_matrix_4 type_id="opencv-matrix">
  <rows>3</rows>
  <cols>3</cols>
  <dt>f</dt>
  <data>
    2.15928003e+03 -4.08495784e-01 1.30237585e+03 0. 2.15995801e+03
    7.76689148e+02 0. 0. 1.</data></camera_matrix_4>
<camera_distortion_4 type_id="opencv-matrix">
  <rows>1</rows>
  <cols>4</cols>
  <dt>f</dt>
  <data>
    -4.25705791e-01 1.86456069e-01 1.64904515e-03 -2.10987683e-03</data></camera_distortion_4>
<xi_4>5.8467555046081543e-01</xi_4>
<camera_pose_4 type_id="opencv-matrix">
  <rows>4</rows>
  <cols>4</cols>
  <dt>f</dt>
  <data>
    -9.28792119e-01 -3.44402492e-01 -1.36865363e-01 -1.41839838e+01
    3.55709672e-01 -7.24815488e-01 -5.90011120e-01 -5.86859207e+01
    1.03999160e-01 -5.96682012e-01 7.95710206e-01 -2.54405479e+01 0. 0.
    0. 1.</data></camera_pose_4>
<internal_meanReprojectError>7.8935819864273071e-01</internal_meanReprojectError>
<external_meanReprojectError>2.8720879554748535e-01</external_meanReprojectError>
<camera_matrix_5 type_id="opencv-matrix">
  <rows>3</rows>
  <cols>3</cols>
  <dt>f</dt>
  <data>
    2.15928003e+03 -4.08495784e-01 1.30237585e+03 0. 2.15995801e+03
    7.76689148e+02 0. 0. 1.</data></camera_matrix_5>
<camera_distortion_5 type_id="opencv-matrix">
  <rows>1</rows>
  <cols>4</cols>
  <dt>f</dt>
  <data>
    -4.25705791e-01 1.86456069e-01 1.64904515e-03 -2.10987683e-03</data></camera_distortion_5>
<xi_5>5.8467555046081543e-01</xi_5>
<camera_pose_5 type_id="opencv-matrix">
  <rows>4</rows>
  <cols>4</cols>
  <dt>f</dt>
  <data>
    -9.27225530e-01 -3.52037817e-01 1.27758473e-01 1.21734219e+01
    3.52201790e-01 -7.03734398e-01 6.17018461e-01 5.95742416e+01
    -1.27305806e-01 6.17112041e-01 7.76508868e-01 -2.06393337e+01 0. 0.
    0. 1.</data></camera_pose_5>
<internal_meanReprojectError>7.8935819864273071e-01</internal_meanReprojectError>
<external_meanReprojectError>1.6753062605857849e-01</external_meanReprojectError>
</opencv_storage>
